Random Heuristic 
Path: [<Node (2, 3, 1, 8, 0, 6, 5, 7, 4)>, <Node (2, 3, 1, 8, 6, 0, 5, 7, 4)>, <Node (2, 3, 1, 8, 6, 4, 5, 7, 0)>, <Node (2, 3, 1, 8, 6, 4, 5, 0, 7)>, <Node (2, 3, 1, 8, 0, 4, 5, 6, 7)>, <Node (2, 3, 1, 0, 8, 4, 5, 6, 7)>, <Node (0, 3, 1, 2, 8, 4, 5, 6, 7)>, <Node (3, 0, 1, 2, 8, 4, 5, 6, 7)>, <Node (3, 1, 0, 2, 8, 4, 5, 6, 7)>, <Node (3, 1, 4, 2, 8, 0, 5, 6, 7)>, <Node (3, 1, 4, 2, 0, 8, 5, 6, 7)>, <Node (3, 1, 4, 0, 2, 8, 5, 6, 7)>, <Node (3, 1, 4, 5, 2, 8, 0, 6, 7)>, <Node (3, 1, 4, 5, 2, 8, 6, 0, 7)>, <Node (3, 1, 4, 5, 2, 8, 6, 7, 0)>, <Node (3, 1, 4, 5, 2, 0, 6, 7, 8)>, <Node (3, 1, 4, 5, 0, 2, 6, 7, 8)>, <Node (3, 1, 4, 0, 5, 2, 6, 7, 8)>, <Node (0, 1, 4, 3, 5, 2, 6, 7, 8)>, <Node (1, 0, 4, 3, 5, 2, 6, 7, 8)>, <Node (1, 4, 0, 3, 5, 2, 6, 7, 8)>, <Node (1, 4, 2, 3, 5, 0, 6, 7, 8)>, <Node (1, 4, 2, 3, 0, 5, 6, 7, 8)>, <Node (1, 0, 2, 3, 4, 5, 6, 7, 8)>, <Node (0, 1, 2, 3, 4, 5, 6, 7, 8)>]
Path Cost: 1010
Solution: [(4, 'RIGHT'), (5, 'DOWN'), (8, 'LEFT'), (7, 'UP'), (4, 'LEFT'), (3, 'UP'), (0, 'RIGHT'), (1, 'RIGHT'), (2, 'DOWN'), (5, 'LEFT'), (4, 'LEFT'), (3, 'DOWN'), (6, 'RIGHT'), (7, 'RIGHT'), (8, 'UP'), (5, 'LEFT'), (4, 'LEFT'), (3, 'UP'), (0, 'RIGHT'), (1, 'RIGHT'), (2, 'DOWN'), (5, 'LEFT'), (4, 'UP'), (1, 'LEFT')]
Nodes searched with A Star search: 124273
Time Spent with A Star search: 3.098254442214966





LZ

Path: [<Node (2, 3, 1, 8, 0, 6, 5, 7, 4)>, <Node (2, 3, 1, 8, 6, 0, 5, 7, 4)>, <Node (2, 3, 1, 8, 6, 4, 5, 7, 0)>, <Node (2, 3, 1, 8, 6, 4, 5, 0, 7)>, <Node (2, 3, 1, 8, 0, 4, 5, 6, 7)>, <Node (2, 3, 1, 0, 8, 4, 5, 6, 7)>, <Node (0, 3, 1, 2, 8, 4, 5, 6, 7)>, <Node (3, 0, 1, 2, 8, 4, 5, 6, 7)>, <Node (3, 1, 0, 2, 8, 4, 5, 6, 7)>, <Node (3, 1, 4, 2, 8, 0, 5, 6, 7)>, <Node (3, 1, 4, 2, 0, 8, 5, 6, 7)>, <Node (3, 1, 4, 0, 2, 8, 5, 6, 7)>, <Node (3, 1, 4, 5, 2, 8, 0, 6, 7)>, <Node (3, 1, 4, 5, 2, 8, 6, 0, 7)>, <Node (3, 1, 4, 5, 2, 8, 6, 7, 0)>, <Node (3, 1, 4, 5, 2, 0, 6, 7, 8)>, <Node (3, 1, 4, 5, 0, 2, 6, 7, 8)>, <Node (3, 1, 4, 0, 5, 2, 6, 7, 8)>, <Node (0, 1, 4, 3, 5, 2, 6, 7, 8)>, <Node (1, 0, 4, 3, 5, 2, 6, 7, 8)>, <Node (1, 4, 0, 3, 5, 2, 6, 7, 8)>, <Node (1, 4, 2, 3, 5, 0, 6, 7, 8)>, <Node (1, 4, 2, 3, 0, 5, 6, 7, 8)>, <Node (1, 0, 2, 3, 4, 5, 6, 7, 8)>, <Node (0, 1, 2, 3, 4, 5, 6, 7, 8)>]
Path Cost: 1747.6111111111109
Solution: [(4, 'RIGHT'), (5, 'DOWN'), (8, 'LEFT'), (7, 'UP'), (4, 'LEFT'), (3, 'UP'), (0, 'RIGHT'), (1, 'RIGHT'), (2, 'DOWN'), (5, 'LEFT'), (4, 'LEFT'), (3, 'DOWN'), (6, 'RIGHT'), (7, 'RIGHT'), (8, 'UP'), (5, 'LEFT'), (4, 'LEFT'), (3, 'UP'), (0, 'RIGHT'), (1, 'RIGHT'), (2, 'DOWN'), (5, 'LEFT'), (4, 'UP'), (1, 'LEFT')]
Nodes searched with A Star search: 135957
Time Spent with A Star search: 31.45774793624878